2009/12/02,24.27,24.74,24.26,24.38,34110019,836075200.000
2009/12/03,24.20,24.37,23.70,23.95,33920936,812890752.000
2009/12/04,23.95,25.35,23.57,25.30,79096047,1960035200.000
2009/12/07,25.07,25.79,24.90,25.36,42171046,1068545152.000
2009/12/08,25.43,25.43,24.62,24.77,31247399,778444672.000
2009/12/09,24.70,24.82,24.40,24.65,20284418,499576640.000
2009/12/10,24.80,25.20,24.60,24.89,19128298,476462784.000
2009/12/11,24.89,25.25,24.71,24.99,17443680,436689792.000
2009/12/14,24.76,25.80,23.99,25.50,40029297,1000935104.000
2009/12/15,25.25,25.70,25.01,25.08,24853355,628406656.000
2009/12/16,24.90,25.45,24.77,24.85,16009055,401527616.000
2009/12/17,24.90,25.20,24.40,24.51,18139668,448143104.000
2009/12/18,24.29,24.56,23.92,23.93,19786271,478154144.000
2009/12/21,23.85,24.14,23.00,23.56,17264906,405556992.000
2009/12/22,23.63,23.68,22.65,22.72,14731918,339795424.000
2009/12/23,22.76,23.06,22.28,22.55,21340199,483286336.000
2009/12/24,22.65,23.31,22.46,23.28,29402860,672728256.000
2009/12/29,23.40,23.81,23.00,23.59,24343903,571177472.000
2009/12/30,23.59,24.53,23.42,24.39,36333042,877732160.000
2009/12/31,24.38,24.69,24.09,24.37,21476184,523456320.000
2010/01/04,24.52,24.58,23.68,23.71,24192276,580249472.000
2010/01/05,23.75,23.90,22.75,23.30,55649982,1293476992.000
2010/01/06,23.25,23.25,22.72,22.90,41214313,944453696.000
2010/01/07,22.90,23.05,22.40,22.65,35533685,804166336.000
2010/01/08,22.50,22.75,22.35,22.60,28854306,650667392.000
2010/01/11,23.50,23.68,22.28,22.60,44284602,1009985536.000
2010/01/12,22.57,22.65,21.80,22.45,59179591,1310068992.000
2010/01/13,21.87,21.90,20.80,20.96,93503947,1990492800.000
2010/01/14,21.00,21.16,20.60,20.97,52119474,1089329408.000
2010/01/15,21.02,21.65,20.65,21.43,53950846,1146375296.000
2010/01/18,21.43,21.76,21.21,21.47,34912652,749941248.000
2010/01/19,21.58,22.34,21.56,22.23,65071514,1438886656.000
2010/01/20,22.22,22.60,21.30,21.38,49083567,1079325952.000
2010/01/21,21.58,22.80,21.38,22.68,63230130,1405279488.000
2010/01/22,22.44,23.45,21.88,23.08,88253896,2002921984.000
2010/01/25,22.60,23.10,22.10,22.19,35605864,803320192.000
2010/01/26,22.19,22.59,21.60,22.05,34532556,760432384.000
2010/01/27,22.39,22.60,21.70,21.91,40103476,892337344.000
2010/01/28,21.80,22.05,21.11,21.75,26213249,567566976.000
2010/01/29,21.59,22.35,21.32,21.70,24068821,528437728.000
2010/02/01,21.71,21.77,21.00,21.24,28317991,602675200.000
2010/02/02,21.26,21.96,21.26,21.37,28673360,620475776.000
2010/02/03,21.53,22.58,21.24,22.58,54900574,1214267904.000
2010/02/04,22.33,22.45,22.01,22.20,30334603,675283328.000
2010/02/05,21.62,22.32,21.41,22.00,27617400,601515200.000
2010/02/08,21.88,22.08,21.45,21.56,20642307,447137536.000
2010/02/09,21.60,22.15,21.53,22.00,24817026,543120256.000
2010/02/10,22.20,22.38,22.02,22.28,25383964,564177472.000
2010/02/11,22.21,22.35,22.08,22.11,13910229,308844864.000
2010/02/12,22.17,22.60,22.17,22.45,18838563,422488288.000
2010/02/22,22.31,22.45,22.08,22.10,16577759,367933696.000
2010/02/23,22.03,22.05,21.40,21.55,23778128,513377952.000
2010/02/24,21.41,21.79,21.22,21.71,23148645,497531456.000
2010/02/25,21.67,22.41,21.61,22.15,34787898,770836544.000
2010/02/26,22.01,22.62,21.98,22.45,45021730,1008966464.000
2010/03/02,22.89,23.96,22.89,23.11,68464727,1599219840.000
2010/03/03,23.11,23.35,22.80,23.30,28411139,655444672.000
2010/03/04,23.32,23.63,23.00,23.10,37632084,877389760.000
2010/03/05,23.10,23.49,23.05,23.27,29184210,681193920.000
2010/03/08,23.32,24.05,23.06,23.85,44105392,1045698944.000
2010/03/09,23.88,24.27,23.50,23.82,39436014,943966336.000
2010/03/10,23.71,24.08,23.35,23.40,21105884,499356448.000
2010/03/11,23.55,23.97,23.39,23.66,24121835,571453888.000
2010/03/12,23.55,23.55,22.88,22.92,28307335,655910208.000
2010/03/15,22.88,22.88,22.20,22.39,18908995,424857088.000
2010/03/16,22.39,22.63,22.24,22.55,19684875,441221888.000
2010/03/17,22.62,23.20,22.46,23.19,19285971,441162464.000
2010/03/18,23.25,23.50,22.98,23.05,21815220,507527264.000
2010/03/19,23.05,23.20,22.70,23.04,17661472,404284736.000
2010/03/22,22.93,23.42,22.93,23.15,19525678,453198688.000
2010/03/23,23.20,23.26,22.71,22.83,15934945,365560032.000
2010/03/24,22.85,23.20,22.74,22.80,21098292,484336288.000
2010/03/25,22.76,22.77,22.28,22.30,16607431,372184256.000
2010/03/26,22.30,23.09,22.17,22.81,22346079,509149248.000
2010/03/29,22.96,23.86,22.79,23.56,44416328,1044826240.000
2010/03/30,23.63,23.78,23.34,23.65,25304341,595446848.000
2010/03/31,23.65,23.67,23.08,23.20,30554950,710514240.000
2010/04/01,23.27,23.60,23.07,23.40,30515892,712145600.000
2010/04/02,23.46,23.50,23.21,23.43,19590002,457640288.000
2010/04/06,23.56,23.86,23.26,23.37,23650932,556583872.000
2010/04/07,23.35,23.43,22.68,22.85,31842226,730335808.000
2010/04/08,22.82,22.83,22.32,22.57,44838723,1009933568.000
2010/04/09,22.57,22.74,22.50,22.66,22040960,498836800.000
2010/04/12,22.72,22.76,21.94,22.09,49477064,1098010880.000
2010/04/13,22.17,22.61,22.05,22.40,44918697,1003910848.000
2010/04/14,22.40,22.45,22.03,22.23,33185241,734720512.000
2010/04/15,22.28,22.40,21.98,22.40,35701750,790372992.000
2010/04/16,22.28,22.28,21.98,22.01,28646797,632291264.000
2010/04/19,21.55,21.58,19.99,20.08,82687425,1708546688.000
2010/04/20,20.12,20.33,19.50,19.77,43513433,858886272.000
2010/04/21,19.81,20.16,19.60,20.13,37358846,742144448.000
2010/04/22,20.00,20.00,19.31,19.59,45221008,884329024.000
2010/04/23,19.64,20.56,19.39,20.16,55604571,1106582144.000
2010/04/26,20.00,20.35,19.70,19.94,32231493,647506048.000
2010/04/27,19.78,20.21,19.55,19.85,34890388,692500032.000
2010/04/28,19.74,20.18,19.60,20.14,33493883,668218560.000
2010/04/29,20.32,20.63,20.13,20.17,36824242,749244096.000
2010/04/30,20.25,20.59,20.14,20.56,32434462,662829184.000
2010/05/04,20.10,20.30,19.77,20.00,28674710,574413568.000
2010/05/05,20.09,20.22,19.36,19.90,65042244,1283692544.000
2010/05/06,19.69,19.69,18.31,18.40,68579660,1296218496.000
2010/05/07,18.03,18.55,17.95,18.26,41257999,752185920.000
2010/05/10,18.35,18.68,18.19,18.43,38641688,710974016.000
2010/05/11,18.86,18.89,17.46,17.47,56171655,1017121600.000
2010/05/12,17.30,18.30,17.16,18.11,52104082,931251264.000
2010/05/13,18.01,18.92,18.00,18.68,56752700,1049525952.000
2010/05/14,18.68,18.69,18.20,18.35,26562824,487732512.000
2010/05/17,18.00,18.02,17.34,17.43,32660779,574713344.000
2010/05/18,17.50,18.11,17.30,17.97,36190091,641553728.000
2010/05/19,17.74,18.17,17.41,17.76,25635625,456208288.000
2010/05/20,17.57,18.05,17.48,17.55,21828949,387168256.000
2010/05/21,17.10,17.87,17.02,17.82,22079549,386738336.000
2010/05/24,17.92,18.60,17.92,18.39,31791566,582619392.000
2010/05/25,18.20,18.25,17.75,17.79,24594616,441872576.000
2010/05/26,17.88,18.17,17.81,17.90,17161115,308368928.000
2010/05/27,17.87,18.12,17.46,18.07,27816665,496702080.000
2010/05/28,18.25,18.39,18.02,18.08,25397440,461689408.000
2010/05/31,17.90,18.20,17.50,17.51,27045758,480683776.000
2010/06/01,17.43,17.69,17.19,17.30,21809102,379058912.000
2010/06/02,17.25,17.41,16.92,17.23,25125605,430720704.000
2010/06/03,17.31,17.71,17.22,17.22,28756178,501143168.000
2010/06/04,17.21,17.50,17.16,17.30,13473513,232824768.000
2010/06/07,17.10,17.30,16.81,16.91,24149327,410550912.000
2010/06/08,16.92,17.02,16.50,16.70,17033017,286156160.000
2010/06/09,16.79,17.79,16.58,17.67,49574374,857978624.000
2010/06/10,17.27,17.47,17.08,17.11,28464074,489563040.000
2010/06/11,17.21,17.46,17.00,17.15,20998339,362292832.000
2010/06/18,17.19,17.75,17.15,17.32,44849256,785248768.000
2010/06/21,17.31,18.52,17.31,18.30,58980712,1063389312.000
2010/06/22,18.25,18.82,18.11,18.53,41713771,770488704.000
2010/06/23,18.30,18.62,18.13,18.35,32467950,597274368.000
2010/06/24,18.30,18.81,18.23,18.53,23351519,432905280.000
2010/06/25,18.39,18.50,18.03,18.11,22750285,415194016.000
2010/06/28,18.05,18.60,18.05,18.49,24414809,448791840.000
2010/06/29,18.53,18.53,17.50,17.51,30668325,549134848.000
2010/09/02,19.00,19.00,17.89,18.19,163454210,2984708608.000
2010/09/03,18.17,18.17,17.67,17.76,62412922,1110873728.000
2010/09/06,17.86,18.39,17.77,18.20,60906962,1106419456.000
2010/09/07,18.34,18.34,17.94,18.04,39285263,711274624.000
2010/09/08,17.91,17.91,17.51,17.65,49003578,865664576.000
2010/09/09,17.65,17.65,17.17,17.22,46989764,816937856.000
2010/09/10,17.16,17.41,17.00,17.20,25184777,432519200.000
2010/09/13,17.21,17.40,16.78,17.09,50222827,856767616.000
2010/09/14,17.15,17.36,17.09,17.18,29949471,516196352.000
2010/09/15,17.20,17.29,16.92,16.92,25923560,443804448.000
2010/09/16,17.00,17.14,16.55,16.63,28607640,478304192.000
2010/09/17,16.67,16.90,16.61,16.65,22079299,369835360.000
2010/09/20,16.67,16.94,16.51,16.70,19768687,330479008.000
2010/09/21,16.78,16.83,16.55,16.61,13399227,223281920.000
2010/09/27,16.64,16.75,16.43,16.69,18833173,312453344.000
2010/09/28,16.67,16.67,16.26,16.26,24652646,404817184.000
2010/09/29,16.22,16.43,16.11,16.22,21347578,347260768.000
2010/10/08,16.70,17.34,16.50,17.22,53671585,914838848.000
2010/10/11,17.32,18.36,17.32,18.04,87403016,1564391680.000
2010/10/12,18.06,18.15,17.80,17.97,47759448,856881088.000
2010/10/13,17.99,18.55,17.97,18.54,82596178,1514394496.000
2010/10/14,18.65,19.29,18.31,18.34,100374925,1889045248.000
2010/10/15,18.20,19.38,18.18,19.15,116893821,2220512256.000
2010/10/18,19.40,20.06,19.10,19.17,107408195,2102793984.000
2010/10/19,19.12,19.63,18.83,19.55,58071926,1107907840.000
2010/10/20,19.15,19.98,19.15,19.47,73972716,1448845952.000
2010/10/21,19.47,19.50,18.77,18.85,55499968,1052712896.000
2010/10/22,18.55,18.81,18.33,18.52,53822205,999166144.000
2010/10/25,18.55,18.97,18.26,18.91,46830575,874475200.000
2010/10/26,19.00,19.25,18.55,18.66,42230044,795987328.000
2010/10/27,18.59,19.08,18.35,18.56,39503155,739953216.000
2010/10/28,18.60,18.90,18.43,18.77,38463140,719877440.000
2010/10/29,18.79,18.81,18.34,18.41,35857718,663509376.000
2010/11/01,18.49,18.75,18.43,18.57,59127284,1097857664.000
2010/11/02,18.57,18.85,18.35,18.66,63981741,1190657920.000
2010/11/03,18.63,19.31,18.41,19.05,91079640,1727427712.000
2010/11/04,18.93,19.15,18.75,18.92,61345827,1160505984.000
2010/11/05,19.10,19.19,18.79,18.93,50395937,953355904.000
2010/11/08,18.97,19.39,18.97,19.14,62519447,1197820416.000
2010/11/09,19.16,19.18,18.60,18.65,56692623,1066476224.000
2010/11/10,18.54,18.55,18.10,18.13,57120450,1042355968.000
2010/11/11,18.20,18.66,18.08,18.44,67968660,1241063168.000
2010/11/12,18.21,18.29,17.13,17.19,61625685,1095115008.000
2010/11/15,17.25,17.32,16.99,17.31,43991846,754704064.000
2010/11/16,17.30,17.30,16.66,16.70,44266710,749307648.000
2010/11/17,16.57,17.07,16.51,16.80,33927446,571087168.000
2010/11/18,16.93,17.27,16.85,17.18,43733956,745421248.000
2010/11/19,17.20,17.22,16.59,17.01,43301461,730445056.000
2010/11/22,16.80,16.85,16.60,16.68,35349870,591130240.000
2010/11/23,16.58,16.70,16.25,16.55,32938478,540216000.000
2010/11/24,16.45,16.90,16.41,16.76,31836654,531391648.000
2010/11/25,16.81,17.12,16.60,16.95,38293999,645536512.000
2010/11/26,16.93,16.93,16.65,16.69,23703058,396929824.000
2010/11/29,16.59,16.88,16.48,16.72,20063995,333489664.000
2010/11/30,16.65,16.79,16.18,16.39,28262144,464292192.000
2010/12/01,16.39,16.56,16.30,16.49,15427254,253584576.000
2010/12/02,16.71,16.79,16.48,16.51,20269979,336507104.000
2010/12/03,16.56,16.65,16.45,16.57,15700622,259727664.000
2010/12/06,16.60,16.88,16.50,16.74,21792398,364205376.000
2010/12/07,16.69,16.83,16.42,16.73,19954522,331262912.000
2010/12/08,16.70,16.74,16.45,16.49,17288608,286846720.000
2010/12/09,16.47,16.49,16.20,16.21,24029374,391356096.000
2010/12/10,16.20,16.38,16.10,16.34,19834112,322263488.000
2010/12/13,16.35,16.64,16.26,16.62,28080363,461224128.000
2010/12/14,16.62,16.65,16.48,16.54,23751670,392885312.000
2010/12/15,16.60,16.80,16.51,16.59,28127659,467398016.000
2010/12/16,16.62,16.72,16.43,16.45,22055606,365485600.000
2010/12/17,16.45,16.50,16.29,16.35,17302092,283291968.000
2010/12/20,16.39,16.44,15.99,16.13,25620545,414236384.000
2010/12/21,16.17,16.65,16.07,16.57,30685363,503881600.000
2010/12/22,16.61,16.63,16.20,16.23,22703588,371863968.000
2010/12/24,16.20,16.60,16.15,16.44,28612724,469742368.000
2010/12/27,16.62,16.73,16.02,16.07,30865798,505246592.000
2010/12/28,16.08,16.22,15.95,15.95,26556645,426320128.000
2010/12/29,15.95,15.98,15.60,15.77,23683256,372484736.000
2010/12/30,15.77,15.80,15.51,15.67,17826665,278979200.000
2010/12/31,15.68,15.87,15.59,15.79,24089142,378317760.000
2011/01/04,15.82,16.18,15.65,16.02,35884061,573343744.000
2011/01/05,15.99,16.13,15.91,15.93,23746263,379869056.000
2011/01/06,15.93,16.08,15.70,15.81,20653127,327148864.000
2011/01/07,15.80,16.78,15.70,16.41,77048221,1263299328.000
2011/01/10,16.23,16.40,15.90,15.98,36187213,584172480.000
2011/01/11,15.90,16.29,15.88,16.19,20820063,335260352.000
2011/01/12,16.23,16.42,16.11,16.40,27713344,451290816.000
2011/01/13,16.48,16.55,16.31,16.34,19481115,319664064.000
2011/01/14,16.29,16.29,15.98,15.99,20691457,332810208.000
2011/01/17,15.81,15.93,15.36,15.38,26616457,415802336.000
2011/01/18,15.40,15.45,15.26,15.34,15555469,238789232.000
2011/01/19,15.35,15.52,15.23,15.49,16794489,258415152.000
2011/01/20,15.48,15.48,14.92,14.92,28757900,435524160.000
2011/01/21,14.87,15.60,14.86,15.15,22997723,349887104.000
2011/01/24,15.15,15.20,14.95,15.05,15382697,231930928.000
2011/01/25,15.11,15.24,15.00,15.17,13420138,203198256.000
2011/01/26,15.15,15.30,15.13,15.26,10506028,160007840.000
2011/01/27,15.15,15.40,15.00,15.33,25551127,389319904.000
2011/01/28,15.32,15.36,15.06,15.20,18541949,281316480.000
2011/01/31,15.20,15.33,15.09,15.31,14024473,213770064.000
2011/02/01,15.32,15.49,15.26,15.44,15169758,233656080.000
2011/02/09,15.35,15.55,15.23,15.25,16650833,255979312.000
2011/02/10,15.25,15.47,15.20,15.45,13682225,210138992.000
2011/02/11,15.38,15.59,15.30,15.50,22582808,348149600.000
2011/02/14,15.49,16.09,15.48,16.00,41765667,661743808.000
2011/02/15,16.01,16.08,15.81,15.82,32109851,512496480.000
2011/02/16,15.81,15.95,15.72,15.88,18320572,289815296.000
2011/02/17,15.96,16.17,15.84,15.98,25381007,405836832.000
2011/02/18,15.90,16.10,15.80,15.98,22880239,363416320.000
2011/02/21,15.80,16.00,15.75,15.97,31654343,502016608.000
2011/02/22,15.98,15.99,15.46,15.47,34395853,538516416.000
2011/02/23,15.49,15.72,15.47,15.58,35743431,555794816.000
2011/02/24,15.58,15.59,15.40,15.56,20230781,313473088.000
2011/02/25,15.61,16.17,15.46,15.89,50926394,807238720.000
2011/02/28,15.81,15.98,15.63,15.93,30763735,486809440.000
2011/03/01,15.95,16.19,15.87,16.04,48277554,774219072.000
2011/03/02,15.95,16.30,15.91,16.18,48810709,786881472.000
2011/03/03,16.20,16.77,16.18,16.40,98048937,1616932480.000
2011/03/04,16.45,16.75,16.31,16.68,50539628,833234944.000
2011/03/07,16.78,16.97,16.55,16.74,49762450,834013056.000
2011/03/08,16.74,16.86,16.57,16.65,32181261,537368704.000
2011/03/09,16.70,16.87,16.68,16.69,32364768,542959232.000
2011/03/10,16.60,16.60,16.22,16.25,30849383,504165760.000
2011/03/11,16.18,16.29,16.03,16.05,23016686,371901344.000
2011/03/14,16.00,16.19,15.99,16.17,21799970,350756128.000
2011/03/15,16.02,16.10,15.70,15.84,28438142,451454528.000
2011/03/16,15.86,16.00,15.74,15.95,24207567,384301440.000
2011/03/17,15.82,15.90,15.68,15.71,20726243,327039744.000
2011/03/18,15.89,15.89,15.75,15.83,14524328,229686240.000
2011/03/21,15.80,15.89,15.72,15.77,16015761,252850944.000
2011/03/22,15.83,16.05,15.65,16.01,25194371,401085856.000
2011/03/23,15.96,16.15,15.92,16.10,22679887,363809600.000
2011/03/24,16.09,16.10,15.95,15.98,16012496,256090880.000
2011/03/25,15.98,16.34,15.96,16.26,36086255,585086400.000
2011/03/28,16.37,16.62,16.32,16.33,36793238,605067456.000
2011/03/29,16.36,16.75,16.31,16.50,48258736,798647424.000
2011/03/30,16.48,16.70,16.35,16.38,27507684,453620672.000
2011/03/31,16.38,16.46,16.01,16.08,21336829,345191104.000
2011/04/01,16.08,16.58,16.07,16.57,32324047,530034240.000
2011/04/06,16.60,17.08,16.60,17.00,74524386,1263488256.000
2011/04/07,17.00,17.37,16.85,17.20,64881087,1112314112.000
2011/04/08,17.16,17.24,16.96,17.17,26811761,458985760.000
2011/04/11,17.18,17.55,17.00,17.03,56381824,974852480.000
2011/04/12,17.10,17.35,16.97,17.06,38618173,662860224.000
2011/04/13,17.00,18.05,16.89,18.05,72385124,1268537472.000
2011/04/14,18.47,18.60,18.10,18.19,104925065,1921868288.000
2011/04/15,18.21,18.77,18.15,18.73,67079415,1242600448.000
2011/04/18,18.67,18.88,18.45,18.87,58014896,1082013056.000
2011/04/19,18.63,18.75,18.33,18.43,52577707,975147520.000
2011/04/20,18.43,18.55,17.91,18.07,48925674,891280640.000
2011/04/21,18.20,18.43,18.05,18.12,31806222,579304640.000
2011/04/22,18.00,18.13,17.73,17.86,30666850,548689856.000
2011/04/25,17.88,18.27,17.70,18.08,35864668,646189952.000
2011/04/26,18.04,18.44,17.98,18.42,38943064,711900608.000
2011/04/27,18.43,18.78,18.09,18.28,53270504,985540096.000
2011/04/28,18.42,19.00,18.36,18.62,64895809,1215618304.000
2011/04/29,18.60,18.60,17.91,18.20,50049593,911382592.000
2011/05/03,18.15,18.36,18.07,18.22,22105844,402350144.000
2011/05/04,18.00,18.34,17.68,17.86,39381978,708758080.000
2011/05/05,17.63,17.92,17.62,17.73,24603790,437563136.000
2011/05/06,17.55,17.84,17.46,17.54,24111905,425935552.000
2011/05/13,17.50,17.72,17.00,17.67,36798422,638079680.000
2011/05/16,17.46,17.64,17.14,17.15,19710485,342549024.000
2011/05/17,17.15,17.97,17.15,17.86,31970891,565242752.000
2011/05/18,17.74,18.41,17.67,18.11,29415320,532338144.000
2011/05/19,18.17,18.36,17.88,17.93,16459997,297958656.000
2011/05/20,17.92,18.59,17.89,18.34,31190030,572652160.000
2011/05/23,18.27,18.30,17.64,17.90,32912056,588700864.000
2011/05/24,17.80,18.34,17.80,18.16,29158742,528778304.000
2011/05/26,17.93,18.10,17.61,17.79,29474005,525548160.000
2011/05/27,17.70,17.98,17.60,17.60,23833087,423279648.000
2011/05/30,17.47,17.70,17.27,17.57,15090147,263972800.000
2011/05/31,17.57,17.74,17.17,17.66,19360769,338686784.000
2011/06/01,17.65,17.65,17.33,17.43,18103530,316218016.000
2011/06/02,17.20,17.33,16.49,16.70,43960073,739553856.000
2011/06/03,16.61,16.79,16.49,16.71,15453683,257350016.000
2011/06/07,16.55,16.92,16.45,16.85,14608911,244067280.000
2011/06/08,16.82,16.82,16.48,16.69,16075948,267290816.000
2011/06/09,16.60,16.81,16.53,16.55,12022235,200273680.000
2011/06/10,16.51,16.75,16.40,16.53,14557106,240550240.000
2011/06/13,16.39,16.45,16.11,16.31,16282265,265033184.000
2011/06/14,16.30,16.82,16.25,16.51,27898386,463185184.000
2011/06/15,16.46,16.62,16.26,16.26,16867712,275973984.000
2011/06/16,16.14,16.23,15.93,15.97,17385079,279148928.000
2011/06/17,16.04,16.12,15.85,15.89,19132951,305942720.000
2011/06/20,15.90,16.04,15.75,16.02,12269128,195132656.000
2011/06/21,16.06,16.33,15.99,16.28,19391196,313896320.000
2011/06/22,16.30,16.41,16.18,16.26,15194027,247618688.000
2011/06/23,16.20,16.67,16.15,16.60,16588875,272357056.000
2011/06/24,16.52,17.19,16.50,16.99,32282577,547045568.000
2011/06/27,16.98,17.53,16.93,17.09,28093322,483915168.000
2011/06/28,17.40,17.40,16.79,17.04,20652919,350987392.000
2011/06/29,17.13,17.17,16.58,16.63,25898152,435681888.000
2011/06/30,16.69,17.21,16.67,17.07,27584004,468824288.000
2011/07/01,17.15,17.15,16.83,16.93,24878949,422094944.000
2011/07/04,16.99,17.56,16.97,17.55,37824912,655990848.000
2011/07/05,17.50,17.53,17.28,17.40,19056022,331713600.000
2011/07/06,17.31,17.37,17.05,17.24,20647586,354627552.000
2011/07/07,17.50,17.63,17.14,17.29,33785505,588625664.000
2011/07/08,17.29,17.80,17.22,17.52,26960365,473536544.000
2011/07/11,17.39,17.63,17.35,17.40,16173487,282634272.000
2011/07/12,17.27,17.28,16.94,17.00,24514304,418118336.000
2011/07/13,17.25,17.72,17.13,17.54,32429428,566412224.000
2011/07/14,17.57,17.65,17.38,17.58,24447810,428448992.000
2011/07/15,17.55,18.20,17.39,17.99,37573799,671466240.000
2011/07/18,18.00,18.13,17.79,17.94,19781464,354921792.000
2011/07/19,17.75,17.76,17.48,17.54,21935526,385645088.000
2011/07/20,17.69,17.74,17.38,17.54,14593499,255516288.000
2011/07/21,17.52,17.56,17.17,17.18,18897122,326948288.000
2011/07/22,17.25,17.45,17.15,17.21,12273319,211870048.000
2011/07/25,17.10,17.26,16.75,16.87,19707011,335512640.000
2011/07/26,16.88,17.30,16.80,17.23,17324249,296943872.000
2011/07/27,17.05,17.34,17.02,17.18,15007940,258034544.000
2011/07/28,17.01,17.02,16.72,16.85,18780609,316189440.000
2011/07/29,16.92,17.75,16.70,17.34,31350764,541258944.000
2011/08/01,17.20,17.52,16.98,17.20,20792007,358426368.000
2011/08/02,17.05,17.12,16.73,17.00,19388301,327409984.000
2011/08/03,16.78,17.08,16.72,16.86,14194473,240147616.000
2011/08/04,16.89,17.20,16.87,16.89,11502275,195599888.000
2011/08/05,16.54,16.62,16.29,16.30,24826954,408435584.000
2011/08/08,16.22,16.51,15.75,16.00,25034798,403626912.000
2011/08/09,15.74,16.23,15.55,16.03,27088571,430794176.000
2011/08/10,16.25,16.40,16.08,16.09,18298391,297294720.000
2011/08/11,15.83,16.48,15.80,16.43,18987370,308443424.000
2011/08/12,16.49,16.70,16.40,16.64,18053417,297982240.000
2011/08/15,16.65,17.25,16.37,17.13,30852781,519120704.000
2011/08/16,17.09,17.29,16.98,17.05,19781800,338285312.000
2011/08/18,17.08,17.33,16.67,16.73,25245981,427197376.000
2011/08/19,16.40,16.63,16.29,16.60,15545149,255822480.000
2011/08/22,16.54,16.64,16.27,16.42,12807347,210393776.000
2011/08/23,16.44,16.69,16.37,16.64,10465458,173121392.000
2011/08/24,16.68,16.73,16.35,16.39,12520897,207818928.000
2011/08/25,16.50,17.37,16.39,17.34,46535409,793665408.000
2011/08/26,17.20,17.39,17.13,17.38,25855821,446200768.000
2011/08/29,17.00,17.00,16.56,16.72,45187136,755956224.000
2011/08/30,16.82,17.12,16.67,16.68,22000548,371612128.000
2011/08/31,16.70,17.02,16.55,16.85,13043411,218858304.000
2011/09/01,16.85,17.05,16.79,16.93,11465355,193932848.000
2011/09/05,16.60,16.68,16.36,16.45,13828628,228178080.000
2011/09/06,16.35,16.51,16.30,16.36,11350557,185902896.000
2011/09/07,16.49,16.76,16.34,16.66,13007207,215260560.000
2011/09/08,16.66,16.74,16.52,16.57,10076662,167311104.000
2011/09/09,16.65,16.87,16.37,16.48,10662894,176663296.000
2011/09/13,16.20,16.53,16.16,16.52,10320508,168927616.000
2011/09/14,16.54,16.59,16.16,16.42,14722697,241207200.000
2011/09/15,16.45,16.68,16.41,16.56,17064236,282498720.000
2011/09/16,16.65,17.10,16.62,17.00,36953539,626906560.000
2011/09/19,16.81,16.82,16.56,16.60,10599840,176591136.000
2011/09/20,16.55,16.92,16.50,16.74,7712700,128974784.000
2011/09/21,16.74,17.20,16.61,17.06,18368645,312327648.000
2011/09/22,16.88,16.94,16.68,16.70,15644754,262524752.000
2011/09/23,16.41,16.83,16.33,16.62,15181093,250805296.000
2011/09/26,16.43,16.76,15.98,16.04,19813812,322611456.000
2011/09/27,16.20,16.30,15.91,16.17,13761782,221845888.000
2011/09/28,16.28,16.28,15.90,16.00,9670343,155237152.000
2011/09/29,15.90,16.13,15.84,16.04,11315764,181407712.000
2011/09/30,16.08,16.22,16.00,16.04,14204046,228902896.000
2011/10/10,15.95,16.04,15.45,15.50,20965594,326892320.000
2011/10/11,16.00,16.09,15.54,15.65,21464906,339237344.000
2011/10/12,15.55,16.40,15.49,16.36,27447241,442778752.000
2011/10/13,16.25,16.43,16.22,16.35,14506496,236989024.000
2011/10/14,16.29,16.42,16.12,16.36,8695258,141751920.000
2011/10/17,16.48,16.71,16.42,16.54,11711517,194055200.000
2011/10/18,16.41,16.44,15.99,16.02,13801277,223255648.000
2011/10/19,16.11,16.28,16.01,16.06,8237424,132855568.000
2011/10/20,16.00,16.03,15.70,15.80,9245905,146319936.000
2011/10/21,15.90,16.18,15.77,16.03,14082651,225852448.000
2011/10/24,16.10,16.67,15.93,16.53,24059040,394450688.000
2011/10/25,16.52,16.77,16.40,16.64,19957370,331621152.000
2011/10/26,16.65,16.93,16.60,16.75,24416173,410238816.000
2011/10/27,16.77,16.93,16.61,16.72,14650097,245495552.000
2011/10/28,17.00,17.20,16.88,17.03,28495748,484862592.000
2011/10/31,17.03,17.08,16.63,16.88,14176696,238721168.000
2011/11/01,16.76,17.11,16.68,16.85,17930975,303128864.000
2011/11/02,16.64,17.12,16.62,17.12,19069442,320967360.000
2011/11/03,17.11,17.19,16.78,16.88,26232886,445806720.000
2011/11/04,17.00,17.05,16.83,16.98,13339644,226230000.000
2011/11/07,16.85,16.92,16.62,16.72,12957718,217220448.000
2011/11/08,16.74,16.87,16.66,16.74,9670530,162043536.000
2011/11/09,16.79,16.96,16.68,16.94,11355254,190845600.000
2011/11/10,16.78,16.97,16.70,16.78,15843664,266509040.000
2011/11/11,16.77,16.84,16.51,16.57,16526727,274797632.000
2011/11/14,16.68,16.85,16.57,16.73,17925053,299361824.000
2011/11/15,16.68,16.72,16.38,16.47,21708890,357983648.000
2011/11/16,16.47,16.48,15.97,16.03,19927201,322231072.000
2011/11/17,16.08,16.13,15.94,15.98,10961862,175962320.000
2011/11/18,15.89,16.08,15.86,15.95,14386865,229649104.000
2011/11/21,15.97,15.97,15.80,15.95,13673657,217304752.000
2011/11/22,15.90,16.12,15.82,16.05,13281831,212748304.000
2011/11/23,16.10,16.14,15.72,15.76,18894417,299733088.000
2011/11/24,15.71,15.92,15.59,15.84,12146393,191344464.000
2011/11/25,15.73,15.86,15.69,15.79,8446296,133224392.000
2011/11/28,15.82,15.92,15.71,15.78,9813225,155001376.000
2011/11/29,15.94,16.01,15.80,15.96,15649490,249152272.000
2011/11/30,15.95,15.96,15.48,15.51,19165719,299555296.000
2011/12/01,15.93,16.27,15.85,15.88,41183238,660688128.000
2011/12/02,15.81,16.02,15.74,15.95,18186014,289399904.000
2011/12/05,15.94,16.04,15.70,15.95,11349137,180714656.000
2011/12/07,15.90,16.15,15.86,16.05,14862428,238162240.000
2011/12/08,16.05,16.13,15.81,15.94,18705207,298946848.000
2011/12/09,15.88,15.96,15.79,15.85,8686255,137984144.000
2011/12/12,15.86,15.96,15.72,15.84,8633134,137072016.000
2011/12/13,15.80,15.93,15.64,15.68,19000444,300294560.000
2011/12/14,15.68,15.76,15.50,15.60,8493106,132825568.000
2011/12/15,15.51,15.58,15.02,15.05,19273651,294609856.000
2011/12/16,15.08,15.39,14.93,15.28,15737768,238364624.000
2011/12/19,15.17,15.46,15.02,15.35,12810069,194558352.000
2011/12/20,15.30,15.57,15.27,15.33,9463751,146041776.000
2011/12/21,15.47,15.62,15.31,15.34,14660853,227230416.000
2011/12/22,15.31,15.56,15.20,15.45,10984934,168904816.000
2011/12/23,15.43,15.61,15.36,15.42,9946525,153908336.000
2011/12/26,15.40,15.53,15.34,15.42,7377643,113827424.000
2011/12/27,15.41,15.61,15.40,15.48,13879755,214959824.000
2011/12/28,15.42,15.56,15.10,15.30,11317934,173347072.000
2011/12/29,15.25,15.42,15.21,15.31,12859277,197105648.000
2011/12/30,15.35,15.59,15.30,15.59,26148736,402708864.000
2012/01/04,15.59,15.59,15.15,15.16,14791098,227563712.000
2012/01/05,15.16,15.55,15.13,15.39,24408005,375880608.000
2012/01/06,15.35,15.51,15.15,15.35,13315115,204143664.000
2012/01/09,15.36,15.81,15.25,15.78,22113866,345938688.000
2012/01/20,16.73,16.94,16.32,16.78,58667566,972826816.000
2012/01/30,16.81,16.94,16.63,16.71,33298845,558095296.000
2012/01/31,16.72,16.80,16.50,16.64,17326547,288275840.000
2012/02/01,16.58,16.80,16.43,16.45,18515899,307694784.000
2012/02/02,16.50,16.96,16.45,16.92,24462346,410098464.000
2012/02/03,16.86,17.04,16.70,16.99,22996446,388800512.000
2012/02/06,17.00,17.02,16.77,16.83,15780815,266559536.000
2012/02/07,16.74,16.78,16.54,16.59,12208636,203101568.000
2012/02/08,16.58,17.01,16.58,16.90,17227257,290646912.000
2012/02/10,16.80,16.98,16.80,16.91,18211847,307363104.000
2012/02/13,16.79,16.81,16.58,16.68,21506688,359692320.000
2012/02/14,16.65,16.72,16.49,16.60,10854644,179835120.000
2012/02/15,16.59,16.76,16.45,16.62,20130583,334137696.000
2012/02/16,16.62,16.69,16.36,16.45,27369217,451825408.000
2012/02/17,16.54,16.57,16.40,16.45,15069047,248573520.000
2012/02/20,16.74,16.75,16.44,16.45,22420577,372071616.000
2012/02/21,16.48,16.54,16.34,16.49,15026488,247188096.000
2012/02/22,16.49,16.65,16.44,16.62,31739776,525337440.000
2012/02/23,16.62,16.76,16.59,16.63,22626761,376851584.000
2012/02/24,16.69,16.87,16.53,16.87,36410465,609181824.000
2012/02/27,16.90,17.19,16.76,16.92,44761711,759502528.000
2012/02/28,16.93,17.48,16.90,17.25,46014184,793135040.000
2012/02/29,17.27,17.27,17.02,17.10,26302462,451402720.000
2012/03/01,17.08,17.44,17.06,17.23,29162131,504303648.000
2012/03/02,17.23,17.50,17.22,17.48,29097318,505353984.000
2012/03/05,17.53,17.78,17.22,17.27,35041730,614488128.000
2012/03/06,17.21,17.30,16.90,16.95,33137414,565065408.000
2012/03/07,16.80,17.03,16.75,16.80,20137130,339797440.000
2012/03/08,16.92,17.16,16.85,17.03,28878270,491703680.000
2012/03/09,16.90,16.94,16.66,16.87,53053644,891070592.000
2012/03/12,16.88,16.88,16.64,16.70,27064787,451971840.000
2012/03/13,16.75,16.88,16.68,16.85,23753057,398818656.000
2012/03/14,16.92,17.04,16.44,16.48,43996405,738597760.000
2012/03/15,16.49,16.58,16.25,16.25,25804871,423785024.000
2012/03/16,16.27,16.41,16.16,16.40,16786552,273741696.000
2012/03/19,16.34,16.40,16.20,16.35,16746474,272964672.000
2012/03/20,16.32,16.33,16.05,16.07,20304048,328052064.000
2012/03/21,16.20,16.22,16.02,16.10,15040403,242481936.000
2012/03/22,16.11,16.28,15.97,16.19,17938849,288804704.000
2012/03/23,16.11,16.13,15.96,16.01,11901609,190843184.000
2012/03/26,16.02,16.08,15.98,16.04,8246121,132200784.000
2012/03/27,16.11,16.16,16.05,16.07,11120921,179214160.000
2012/03/28,16.06,16.10,15.76,15.78,20448297,325213024.000
2012/03/29,15.78,15.78,15.46,15.57,18886584,295267360.000
2012/03/30,15.63,15.73,15.59,15.71,10631246,166628768.000
2012/04/05,15.71,15.79,15.45,15.74,18379254,287161664.000
2012/04/06,15.70,16.01,15.63,15.99,19387554,306955616.000
2012/04/09,15.90,15.90,15.70,15.75,9319714,147459888.000
2012/04/10,15.72,15.89,15.58,15.88,19699850,308914112.000
2012/04/11,15.68,15.94,15.66,15.83,10514365,166106128.000
2012/04/12,15.84,16.34,15.75,16.33,27577946,443771872.000
2012/04/13,16.35,16.61,16.20,16.30,33774471,554098560.000
2012/04/16,16.19,16.35,16.08,16.18,13367317,216401792.000
2012/04/17,16.14,16.23,15.98,15.99,11895119,191093632.000
2012/04/18,16.02,16.33,16.02,16.26,15960090,258852704.000
2012/04/19,16.30,16.37,16.20,16.36,13739186,223742896.000
2012/04/20,16.30,16.60,16.25,16.58,25807487,426240160.000
2012/04/23,16.54,16.62,16.35,16.42,19738112,325312448.000
2012/04/24,16.40,17.12,16.38,16.76,47804023,802959360.000
2012/04/25,16.62,16.86,16.58,16.86,20892365,350401184.000
2012/04/26,16.88,16.91,16.46,16.58,28341442,470733984.000
2012/04/27,16.63,16.75,16.47,16.56,16661706,277246080.000
2012/05/02,16.72,16.94,16.64,16.78,26117210,438591392.000
2012/05/03,16.78,16.84,16.61,16.63,16148709,269467360.000
2012/05/04,16.61,16.73,16.57,16.71,14029557,233813680.000
2012/05/07,16.61,16.74,16.48,16.60,25573094,423783680.000
2012/05/08,16.56,16.58,16.45,16.54,17512997,289312160.000
2012/05/09,16.45,16.47,16.12,16.16,21367675,347527136.000
2012/05/10,16.16,16.26,16.07,16.13,12942834,209027536.000
2012/05/11,16.13,16.20,16.01,16.02,16251980,261354032.000
2012/05/14,16.14,16.16,15.90,15.94,20696000,332240256.000
2012/05/15,15.90,16.06,15.80,16.02,13445478,213764768.000
2012/05/16,16.00,16.00,15.75,15.76,15030511,238216896.000
2012/05/17,15.80,15.97,15.76,15.94,13338999,211749264.000
2012/05/18,15.80,15.91,15.66,15.72,15786319,248755808.000
2012/05/21,15.72,15.84,15.70,15.77,8569485,135114976.000
2012/05/22,15.83,15.99,15.83,15.97,11359898,180941168.000
2012/05/24,15.88,15.91,15.67,15.71,19407374,305714016.000
2012/05/25,15.72,15.76,15.60,15.62,9892922,154918944.000
2012/05/28,15.62,15.81,15.52,15.81,13720237,215529424.000
2012/05/29,15.80,15.96,15.65,15.93,28680861,453701952.000
2012/05/30,15.86,15.88,15.60,15.70,21712593,341898720.000
2012/05/31,15.67,15.77,15.56,15.69,15325128,239888128.000
2012/06/01,15.70,15.88,15.65,15.78,15835304,249589888.000
2012/06/04,15.61,15.64,15.38,15.40,17177789,266890992.000
2012/06/05,15.44,15.46,15.26,15.26,24614407,377715360.000
2012/06/06,15.30,15.35,15.25,15.32,18886005,288959584.000
2012/06/07,15.43,15.48,15.17,15.21,13130248,201455936.000
2012/06/08,15.25,15.27,14.77,14.81,39755724,593133504.000
2012/06/11,14.85,14.93,14.72,14.79,26550911,393125600.000
2012/06/12,14.70,14.78,14.45,14.53,29815536,434459168.000
2012/06/13,14.58,14.91,14.50,14.84,26011662,383736096.000
2012/06/14,14.76,14.81,14.61,14.64,13047824,191929248.000
2012/06/15,14.71,15.35,14.71,15.16,42295157,636342592.000
2012/06/18,15.14,15.23,15.06,15.21,19873335,301170880.000
2012/06/19,15.15,15.37,15.11,15.25,14992460,228553088.000
2012/06/20,15.33,15.50,15.20,15.23,14370713,220127616.000
2012/06/21,15.22,15.23,14.86,14.90,14483296,217217296.000
2012/06/25,14.88,15.06,14.77,14.77,16435834,245383808.000
2012/06/26,14.81,15.01,14.79,14.90,13492363,201321552.000
2012/06/27,14.91,14.96,14.80,14.86,8177633,121766280.000
2012/06/28,14.86,14.96,14.71,14.73,10084717,149964624.000
2012/06/29,14.77,15.23,14.70,15.16,18455457,278224224.000
2012/07/02,15.23,15.23,15.00,15.15,15564511,234575312.000
2012/07/03,15.11,15.28,15.02,15.13,12372795,187834400.000
2012/07/04,15.13,15.48,15.13,15.28,19766959,302421600.000
2012/07/05,15.23,15.33,15.15,15.19,10289670,156808688.000
2012/07/06,14.95,15.20,14.75,15.14,16545450,247858064.000
2012/07/09,15.06,15.06,14.71,14.71,16095224,238871824.000
2012/07/10,14.72,15.03,14.71,14.91,12370989,183975552.000
2012/07/11,14.86,14.97,14.78,14.86,7544441,112224824.000
2012/07/12,14.82,14.94,14.65,14.88,19473086,287704672.000
2012/07/13,14.80,15.14,14.75,14.98,11070005,165726976.000
2012/07/16,15.00,15.07,14.85,14.85,10860266,162268368.000
2012/07/17,14.85,15.04,14.82,15.03,9160116,136786576.000
2012/07/18,14.98,15.03,14.85,15.01,7561238,112967984.000
2012/07/19,14.99,15.10,14.88,15.02,13626372,204768496.000
2012/07/20,14.87,14.96,14.82,14.85,10673403,158679776.000
2012/07/23,14.76,14.81,14.66,14.81,15049383,221835968.000
2012/07/24,14.75,14.97,14.74,14.80,10094330,149950272.000
2012/07/25,14.80,14.87,14.62,14.64,9840494,144875472.000
2012/07/26,14.64,14.81,14.61,14.65,7290309,107285512.000
2012/07/27,14.72,14.94,14.65,14.75,10966060,162335584.000
2012/07/30,14.76,15.07,14.76,14.85,11842631,176839232.000
2012/07/31,14.89,15.13,14.86,15.10,15313469,230444672.000
2012/08/01,15.08,15.22,15.00,15.16,12186730,184236832.000
2012/08/02,15.16,15.20,15.06,15.16,8907731,134826272.000
2012/08/03,15.15,15.19,15.03,15.15,9438713,142870688.000
2012/08/06,15.13,15.22,15.10,15.10,15331221,232307808.000
2012/08/07,15.09,15.15,14.94,14.96,15982578,239640608.000
2012/08/08,14.95,15.05,14.94,15.04,11754171,176391104.000
2012/08/09,15.03,15.04,14.91,15.04,8575072,128443496.000
2012/08/10,15.07,15.17,15.07,15.08,10549817,159571472.000
2012/08/13,15.10,15.17,15.02,15.03,10799064,163090048.000
2012/08/14,15.03,15.30,14.94,15.26,18037022,273064256.000
2012/08/15,15.16,15.24,15.01,15.10,11614215,175631856.000
2012/08/16,15.03,15.04,14.86,14.91,14681599,219340240.000
2012/08/17,14.91,15.10,14.88,15.06,10399698,156222176.000
2012/08/20,14.99,15.00,14.73,14.85,15579504,231016480.000
2012/08/21,14.85,14.88,14.74,14.79,13021973,192757792.000
2012/08/22,14.80,14.81,14.61,14.67,12518267,183731120.000
2012/08/23,14.68,14.74,14.54,14.62,13128906,191921632.000
2012/08/24,14.59,14.60,14.36,14.37,18817910,271872000.000
2012/08/27,14.36,14.37,14.05,14.11,16775926,237771008.000
2012/08/28,14.13,14.46,14.03,14.37,15910898,226308464.000
2012/08/29,14.30,14.32,14.19,14.28,6948365,99043800.000
2012/08/30,14.16,14.37,14.15,14.28,8987322,128124856.000
2012/08/31,14.24,14.43,14.19,14.19,8561919,122564448.000
2012/09/03,14.22,14.30,14.18,14.21,10112994,143818624.000
2012/09/04,14.21,14.25,13.82,13.87,20775580,290805056.000
2012/09/05,13.85,13.87,13.54,13.62,17219018,235084944.000
2012/09/06,13.63,13.75,13.56,13.73,10356038,141626688.000
2012/09/07,13.80,14.40,13.76,14.21,28173773,398458816.000
2012/09/10,14.20,14.23,13.95,14.07,23677797,332644832.000
2012/09/11,14.01,14.05,13.91,14.02,8743686,122118848.000
2012/09/12,14.08,14.15,13.86,13.98,12245281,171431984.000
2012/09/13,13.96,14.03,13.89,13.89,8244257,115132800.000
2012/09/14,13.98,14.14,13.86,14.05,15327279,214681376.000
2012/09/17,14.02,14.02,13.68,13.71,11471438,158729296.000
2012/09/18,13.68,13.68,13.49,13.51,12250194,166389840.000
2012/09/19,13.52,13.57,13.21,13.34,18434609,245924736.000
2012/09/20,13.31,13.31,13.00,13.01,18134615,237807072.000
2012/09/21,13.00,13.03,12.83,12.88,15751258,203492208.000
2012/09/24,12.82,13.00,12.59,12.91,17905626,228728960.000
2012/09/25,12.88,12.88,12.70,12.74,9882594,126342880.000
2012/09/26,12.75,12.79,12.60,12.64,7078915,89861904.000
2012/09/27,12.64,13.26,12.63,13.03,21538709,279689536.000
2012/09/28,12.95,13.15,12.89,13.13,15095772,196802880.000
2012/10/08,13.14,13.23,12.90,12.96,10638633,138955168.000
2012/10/09,13.00,13.33,13.00,13.29,16481579,218229440.000
2012/10/10,13.29,13.30,13.20,13.29,9976558,132165224.000
2012/10/11,13.30,13.30,13.18,13.22,9574790,126809880.000
2012/10/12,13.27,13.43,13.21,13.29,10145190,135067776.000
2012/10/15,13.30,13.31,13.05,13.10,8911948,117114360.000
2012/10/16,13.13,13.35,13.07,13.22,12634649,167235920.000
2012/10/17,13.27,13.38,13.23,13.36,12188114,162229776.000
2012/10/18,13.38,13.56,13.35,13.51,15917879,214090080.000
2012/10/19,13.42,13.46,13.36,13.43,10071311,135099120.000
2012/10/22,13.38,13.51,13.29,13.47,13408932,179787008.000
2012/10/23,13.48,13.50,13.27,13.30,11680820,156357632.000
2012/10/24,13.27,13.40,13.23,13.29,8995284,119926216.000
2012/10/25,13.32,13.34,13.19,13.21,12337754,163551584.000
2012/10/26,13.27,13.30,12.90,12.93,17138011,224201696.000
2012/10/29,12.90,13.05,12.87,12.94,12964193,167853280.000
2012/10/30,12.94,13.14,12.92,13.09,14292166,186512272.000
2012/10/31,13.12,13.21,13.06,13.16,7512545,98717440.000
2012/11/01,13.16,13.51,13.15,13.38,13800345,184644048.000
2012/11/02,13.38,13.57,13.37,13.53,16333697,219877328.000
2012/11/05,13.54,13.71,13.50,13.61,14675465,199475088.000
2012/11/06,13.59,13.62,13.38,13.58,13017945,175738848.000
2012/11/07,13.51,13.63,13.43,13.55,8816884,119251176.000
2012/11/08,13.44,13.53,13.38,13.38,8472817,113907736.000
2012/11/09,13.37,13.44,13.33,13.42,6217075,83239024.000
2012/11/12,13.39,13.63,13.38,13.62,14534904,196914080.000
2012/11/13,13.61,13.61,13.38,13.42,9993534,134504032.000
2012/11/14,13.50,13.50,13.33,13.38,7526378,100889384.000
2012/11/15,13.30,13.39,13.10,13.15,7651970,101637296.000
2012/11/16,13.10,13.15,12.92,13.10,14755857,192143856.000
2012/11/19,13.02,13.11,12.93,13.09,9836934,128001552.000
2012/11/20,13.09,13.11,12.92,13.08,7975806,104041952.000
2012/11/21,13.04,13.30,12.99,13.26,10792687,141558176.000
2012/11/22,13.24,13.26,13.11,13.15,4858906,63994756.000
2012/11/23,13.19,13.33,13.14,13.26,8031817,106505912.000
2012/11/26,13.24,13.25,13.10,13.13,5737293,75519848.000
2012/11/27,13.08,13.19,13.06,13.18,8875244,116511896.000
2012/11/28,13.12,13.19,13.08,13.09,7213613,94731376.000
2012/11/29,13.09,13.10,12.74,12.74,20497422,263156032.000
2012/11/30,12.70,12.88,12.70,12.80,9664616,123711328.000
2012/12/03,12.81,12.83,12.50,12.56,14072783,177383536.000
2012/12/04,12.56,12.77,12.48,12.70,11692406,147537056.000
2012/12/05,12.66,13.47,12.63,13.39,40236393,532826176.000
2012/12/06,13.35,13.56,13.31,13.51,36101524,486216800.000
2012/12/07,13.51,14.03,13.48,14.02,45656785,632609152.000
2012/12/10,14.15,14.42,13.87,14.32,48181441,681366272.000
2012/12/11,14.20,14.37,14.09,14.11,26068303,370736000.000
2012/12/12,14.13,14.39,14.09,14.24,22739653,323505184.000
2012/12/13,14.19,14.22,14.05,14.06,18964925,268485664.000
2012/12/14,14.04,15.20,14.02,15.18,77413771,1143057920.000
2012/12/17,15.20,15.32,15.00,15.22,48778002,740677376.000
2012/12/18,15.15,15.47,15.04,15.25,41162950,630112640.000
2012/12/19,15.20,15.34,15.14,15.18,27157618,413928576.000
2012/12/20,15.10,15.15,14.78,15.11,29347538,438977120.000
2012/12/21,15.08,15.14,14.85,14.87,24527161,366606688.000
2012/12/24,14.84,15.21,14.82,14.92,21777834,327128896.000
2012/12/25,14.89,15.58,14.80,15.41,44988146,691035840.000
2012/12/26,15.40,15.45,15.25,15.37,30801434,472347392.000
2012/12/27,15.43,15.56,15.27,15.48,28363030,436845792.000
2012/12/28,15.45,15.78,15.37,15.60,24234913,377652096.000
2012/12/31,15.71,16.17,15.65,16.02,37868419,605187328.000
2013/01/04,16.32,16.45,15.92,15.99,44385137,717567552.000
2013/01/07,15.98,16.35,15.88,16.30,35716925,578450496.000
2013/01/08,16.30,16.37,15.86,16.00,31247912,501360096.000
2013/01/09,15.96,16.02,15.80,15.86,25132915,399696192.000
2013/01/10,15.86,16.10,15.79,15.87,24003027,383347744.000
2013/01/11,15.87,16.04,15.45,15.54,25126855,396184768.000
2013/01/14,15.49,17.09,15.49,17.09,93989590,1568841984.000
2013/01/15,17.12,17.92,17.09,17.61,98406443,1719308672.000
2013/01/16,17.61,17.91,17.22,17.82,68270094,1198986624.000
2013/01/17,17.70,18.28,17.46,17.74,67577208,1206432384.000
2013/01/18,17.87,18.42,17.60,18.33,66536765,1201751680.000
2013/01/21,18.30,19.70,17.99,19.70,78213642,1465651584.000
2013/01/22,19.46,20.90,19.33,20.48,106876963,2167549696.000
2013/01/23,20.01,20.41,19.30,20.05,63569846,1266082560.000
2013/01/24,20.03,20.58,19.30,19.45,85723640,1709191424.000
2013/01/25,19.50,19.58,18.94,19.15,61431248,1178016256.000
2013/01/28,19.16,21.07,19.16,21.07,116399524,2365203200.000
2013/01/29,21.30,21.55,20.63,21.38,108289498,2288064768.000
2013/01/30,21.10,21.34,20.80,21.33,58362498,1233766272.000
2013/01/31,21.27,21.34,20.80,21.10,41588420,873902912.000
2013/02/01,21.02,22.55,20.79,22.43,82408046,1793445760.000
2013/02/04,22.26,22.79,21.71,22.01,85741999,1906659456.000
2013/02/05,21.74,22.16,21.19,21.78,42689100,927037952.000
2013/02/06,21.70,21.98,21.45,21.86,38082657,827479680.000
2013/02/07,21.70,21.81,20.31,20.85,58612692,1230117760.000
2013/02/08,20.78,21.05,20.39,20.75,46202466,958773568.000
2013/02/18,20.91,21.49,20.73,20.90,42181312,887486912.000
2013/02/19,20.80,21.11,20.67,20.81,48650849,1017085056.000
2013/02/20,20.85,20.99,19.69,20.30,65915770,1324230528.000
2013/02/21,20.00,20.00,19.06,19.60,74024478,1445657216.000
2013/02/22,19.50,19.69,18.95,19.12,46859523,907188800.000
2013/02/25,19.26,20.30,19.22,20.01,61630067,1218835584.000
2013/02/26,19.81,21.97,19.70,20.85,103481473,2186227712.000
2013/02/27,21.01,21.82,20.85,21.02,70067663,1492890624.000
2013/02/28,21.14,23.00,21.03,23.00,111989172,2487830784.000
2013/03/01,22.93,23.24,22.37,23.06,103782380,2371270400.000
2013/03/04,22.45,23.00,21.53,21.75,109877959,2429985280.000
2013/03/05,21.80,23.93,21.79,23.93,116898727,2700253184.000
2013/03/06,24.50,24.71,23.92,24.25,113828103,2762182912.000
2013/03/07,23.95,24.12,22.75,23.74,89267089,2106340352.000
2013/03/08,23.80,23.98,22.46,22.86,92586829,2138190976.000
2013/03/11,22.72,22.98,21.85,22.63,57329336,1288820736.000
2013/03/12,22.60,22.79,21.31,21.72,84076906,1845179520.000
2013/03/13,21.69,22.58,21.61,22.09,83690151,1857825792.000
2013/03/14,22.00,22.09,21.30,21.67,57785359,1259573632.000
2013/03/15,21.66,22.63,20.80,22.20,94357410,2057527296.000
2013/03/18,21.70,22.00,21.21,21.35,74529480,1605426304.000
2013/03/19,21.30,21.73,21.04,21.50,52977120,1135421184.000
2013/03/20,21.43,23.27,21.40,23.10,130937025,2950191872.000
2013/03/21,22.99,23.21,22.68,22.96,71531771,1640675072.000
2013/03/22,22.95,23.14,22.78,23.03,41182525,947445376.000
2013/03/25,23.13,23.28,22.67,22.76,45289371,1037164928.000
2013/03/26,22.59,22.59,22.08,22.14,55977300,1248606080.000
2013/03/27,22.17,22.67,21.92,22.15,38599693,859815744.000
2013/03/28,21.00,21.00,19.94,20.02,117504326,2385878272.000
2013/03/29,20.02,20.37,19.64,20.12,56984842,1139477760.000
2013/04/01,20.20,20.60,20.10,20.39,38554183,786200256.000
2013/04/02,20.38,20.90,20.19,20.44,46305475,952838144.000
2013/04/03,20.56,20.79,20.31,20.45,22458964,461545664.000
2013/04/08,19.79,20.10,19.58,19.93,40771477,808525760.000
2013/04/09,19.99,20.26,19.91,19.94,38049112,763834496.000
2013/04/10,19.88,19.90,19.13,19.40,50776709,988314112.000
2013/04/11,19.59,19.70,19.29,19.41,31178899,607690368.000
2013/04/12,19.45,19.48,18.80,18.90,80532279,1535799808.000
2013/04/15,18.94,19.06,18.41,18.56,57095699,1065287808.000
2013/04/16,18.33,18.76,18.10,18.75,65549248,1213261312.000
2013/04/17,18.70,18.77,18.05,18.49,64270316,1180893568.000
2013/04/18,18.22,19.19,18.09,19.10,90124467,1685861504.000
2013/04/19,19.00,20.60,18.94,20.24,147838012,2902667264.000
2013/04/22,20.00,20.37,19.91,20.23,69291441,1396575744.000
2013/04/23,20.33,20.39,19.05,19.08,80265938,1559983360.000
2013/04/24,18.75,19.79,18.55,19.40,73338046,1397785344.000
2013/04/25,19.00,19.38,18.74,18.83,44685588,847664640.000
2013/04/26,18.99,19.22,18.65,18.70,33673898,637945792.000
2013/05/02,18.60,18.92,18.40,18.91,23757279,445019648.000
2013/05/03,18.98,20.21,18.86,19.73,72012610,1419670016.000
2013/05/06,19.84,20.56,19.68,20.31,84054468,1700266240.000
2013/05/07,20.16,20.38,19.88,20.25,42417084,854343040.000
2013/05/08,20.35,20.87,19.92,20.38,62878713,1286250112.000
2013/05/09,20.27,20.27,19.80,20.13,48361312,967721600.000
2013/05/10,20.00,20.42,19.89,20.19,38624829,779054976.000
2013/05/13,20.11,20.20,19.80,19.92,32387980,645920640.000
2013/05/14,19.92,19.93,19.11,19.29,49816079,963271680.000
2013/05/15,19.29,19.42,19.15,19.30,24208282,466686528.000
2013/05/16,19.21,20.47,19.05,20.31,81311587,1620143104.000
2013/05/17,20.28,20.53,19.92,20.39,59580700,1207256064.000
2013/05/20,20.48,21.50,20.38,20.98,87697458,1842617472.000
2013/05/21,20.80,21.21,20.74,21.10,44757454,938805120.000
2013/05/22,21.10,21.29,20.92,21.16,41311346,872231936.000
2013/05/23,21.01,21.20,20.50,20.52,50740941,1054439744.000
2013/05/24,20.55,20.94,20.31,20.69,33280996,686838464.000
2013/05/27,20.59,20.88,20.29,20.42,35854608,737775168.000
2013/05/28,20.42,21.70,20.24,21.60,78361711,1653684480.000
2013/05/29,21.61,21.69,21.22,21.28,53259775,1140654720.000
2013/05/30,21.22,21.58,21.06,21.20,42544168,905433856.000
2013/05/31,21.25,21.49,20.98,20.99,36186204,767274368.000
2013/06/03,20.93,21.19,20.79,20.91,34379291,720122816.000
2013/06/04,20.91,21.33,20.78,21.13,44215691,930180288.000
2013/06/05,21.01,21.11,20.62,20.81,30574507,636042496.000
2013/06/06,20.59,20.77,20.04,20.13,43527000,883833856.000
2013/06/07,20.13,20.26,19.41,19.53,40200095,795705792.000
2013/06/13,19.31,19.33,18.55,18.79,38134259,717936640.000
2013/06/14,19.00,19.20,18.80,19.06,32855336,625125440.000
2013/06/17,19.16,19.56,18.95,19.24,30921022,596190208.000
2013/06/18,19.45,20.04,19.45,19.73,38959938,770155904.000
2013/06/19,19.55,19.56,19.15,19.24,36997753,714070016.000
2013/06/20,11.93,11.95,11.07,11.18,90306654,1029738112.000
2013/06/21,10.95,11.39,10.85,11.28,61400269,687937856.000
2013/06/24,11.11,11.11,10.15,10.15,116667177,1210827520.000
2013/06/25,9.80,10.10,9.14,9.98,171716261,1643643136.000
2013/06/26,10.00,10.00,9.58,9.76,101715108,992741120.000
2013/06/27,9.85,10.00,9.54,9.60,83586702,819712896.000
2013/06/28,9.50,10.14,9.30,9.97,92664394,909148160.000
2013/07/01,9.81,9.95,9.44,9.75,80019667,775396032.000
2013/07/02,9.78,9.80,9.37,9.60,81375374,776186624.000
2013/07/03,9.55,9.55,9.27,9.33,77115847,723582016.000
2013/07/04,9.22,9.57,9.01,9.37,80515991,750347520.000
2013/07/05,9.35,9.57,9.34,9.37,64144625,606232512.000
2013/07/08,9.18,9.26,8.97,8.99,59500689,542811648.000
2013/07/09,9.01,9.11,8.97,9.00,51215066,463017600.000
2013/07/10,9.01,9.40,8.99,9.40,74724160,686265856.000
2013/07/11,9.50,10.34,9.50,10.34,173361147,1737228160.000
2013/07/12,10.50,10.84,10.26,10.34,211854392,2237235968.000
2013/07/15,10.50,10.76,10.04,10.51,134165941,1397980288.000
2013/07/16,10.35,10.44,10.14,10.38,101622760,1045499584.000
2013/07/17,10.37,10.46,10.10,10.14,67368850,691750080.000
2013/07/18,10.08,10.18,9.78,9.82,80668722,798982784.000
2013/07/19,9.82,9.90,9.41,9.43,82736795,797155392.000
2013/07/22,9.23,9.50,9.12,9.42,65837734,613752256.000
2013/07/23,9.47,10.24,9.41,9.96,124744343,1234752128.000
2013/07/24,9.79,9.88,9.55,9.76,89972184,872706944.000
2013/07/25,9.79,10.02,9.70,9.81,68987419,681137664.000
2013/07/26,9.71,9.76,9.55,9.64,46505056,448749600.000
2013/07/29,9.47,9.52,9.36,9.41,49813033,469746112.000
2013/07/30,9.50,9.93,9.46,9.68,67454102,655829184.000
2013/07/31,9.81,9.99,9.55,9.59,45446880,442922528.000
2013/08/01,9.74,9.92,9.61,9.92,76275024,748544192.000
2013/08/02,10.02,10.10,9.79,9.82,57741738,571091008.000
2013/08/05,9.82,9.94,9.77,9.94,53143066,524425088.000
2013/08/06,9.87,10.00,9.78,9.92,59617992,588829760.000
2013/08/07,9.88,10.12,9.85,9.93,74376400,743841152.000
2013/08/08,9.86,10.05,9.83,9.89,54585924,542966976.000
2013/08/09,9.97,10.02,9.75,9.85,49763448,491213376.000
2013/08/12,9.88,10.45,9.85,10.33,134836323,1373703552.000
2013/08/13,10.31,10.56,10.25,10.50,120349664,1252254464.000
2013/08/14,10.51,10.83,10.38,10.43,116474457,1237080448.000
2013/08/15,10.42,10.52,10.18,10.20,58675655,605654336.000
2013/08/16,10.18,11.22,10.01,10.58,253143445,2723081472.000
2013/08/19,10.22,10.95,10.22,10.79,158560398,1677377408.000
2013/08/20,10.71,11.25,10.59,11.00,153186709,1676956544.000
2013/08/21,10.97,11.10,10.75,10.91,62680482,682275392.000
2013/08/22,10.86,11.25,10.81,10.95,79080656,874059840.000
2013/08/23,10.95,11.07,10.44,10.62,104396124,1116168192.000
2013/08/26,10.63,10.95,10.50,10.90,74327448,803066304.000
2013/08/27,10.89,11.02,10.76,10.88,58688427,638179712.000
2013/08/28,10.74,10.84,10.53,10.63,68220316,728468800.000
2013/08/29,10.80,10.89,10.60,10.64,55125304,590423936.000
2013/08/30,10.54,10.85,10.52,10.61,52029079,555844992.000
2013/09/02,10.74,10.83,10.63,10.75,50023178,537024128.000
2013/09/03,10.79,11.20,10.72,11.20,115757165,1276796928.000
2013/09/04,11.16,11.40,11.05,11.08,89262009,1001844672.000
2013/09/05,11.08,11.13,10.98,11.03,34323007,379657120.000
2013/09/09,11.28,12.13,11.28,12.13,220449384,2639382272.000
2013/09/10,12.42,12.65,11.99,12.44,208529430,2574801664.000
2013/09/11,12.40,13.15,12.20,12.69,170823000,2186675968.000
2013/09/12,12.52,13.86,12.40,13.47,183054040,2418432512.000
2013/09/13,13.23,13.70,13.03,13.21,119131992,1587326720.000
2013/09/16,13.22,13.64,12.67,13.20,143436615,1874388864.000
2013/09/17,13.15,13.37,12.75,12.79,94002603,1224996864.000
2013/09/18,12.75,12.99,12.51,12.79,61700281,786897792.000
2013/09/23,12.80,12.97,12.62,12.88,72379517,928672768.000
2013/09/24,12.86,12.87,11.97,12.27,145618921,1786488320.000
2013/09/25,12.18,12.45,11.98,12.03,77993068,949782720.000
2013/09/26,11.96,11.96,11.50,11.66,86071180,1002417088.000
2013/09/27,11.63,12.01,11.60,11.90,68751989,810756864.000
2013/09/30,11.90,12.04,11.82,11.88,37360168,445333344.000
2013/10/08,11.88,12.34,11.51,12.21,73757471,888899072.000
2013/10/09,12.12,12.75,12.02,12.55,84408432,1054297728.000
2013/10/10,12.60,12.75,12.20,12.28,77626822,967348800.000
2013/10/11,12.41,12.78,12.36,12.69,92298675,1165261952.000
2013/10/14,12.60,12.69,12.47,12.49,55293904,693548160.000
2013/10/15,12.49,12.50,12.13,12.21,48446347,594407040.000
2013/10/16,12.15,12.16,11.93,12.01,45239616,544119424.000
2013/10/17,12.13,12.24,12.00,12.00,31361587,378747296.000
2013/10/18,12.01,12.44,11.96,12.20,51565253,631501184.000
2013/10/21,12.21,12.38,12.02,12.33,60301258,736781248.000
2013/10/22,12.28,12.28,12.01,12.05,51490012,623986688.000
2013/10/23,12.17,13.16,12.16,12.58,154335727,1957187840.000
2013/10/24,12.61,13.15,12.40,13.00,147778442,1909977856.000
2013/10/25,12.93,13.80,12.86,13.43,144110740,1935859072.000
2013/10/28,13.40,13.42,12.97,13.13,87876298,1154607616.000
2013/10/29,13.15,14.40,13.15,14.12,214154014,2981260800.000
2013/10/30,14.00,14.49,13.81,14.40,132582234,1871874560.000
2013/10/31,14.25,14.32,13.75,13.90,111296872,1558479744.000
2013/11/01,13.88,14.11,13.65,13.87,84492161,1175747328.000
2013/11/04,13.98,14.09,13.47,13.56,73966847,1013876800.000
2013/11/05,13.30,13.69,12.96,13.66,98703535,1305185664.000
2013/11/06,13.41,13.48,13.06,13.15,71528944,951290048.000
2013/11/07,13.21,13.46,13.10,13.27,68650390,913998400.000
2013/11/08,13.10,13.54,13.08,13.33,72008185,958253504.000
2013/11/11,13.33,13.54,13.10,13.40,61585088,823194176.000
2013/11/12,13.41,14.10,13.41,14.05,108732646,1510757376.000
2013/11/13,13.87,13.93,13.27,13.33,82642150,1127155584.000
2013/11/14,13.25,13.36,12.97,13.14,96441257,1262294144.000
2013/11/15,13.18,13.77,13.06,13.36,96702975,1306569856.000
2013/11/18,13.48,14.14,13.25,14.09,128156183,1761157760.000
2013/11/19,14.04,14.12,13.77,13.82,83538392,1161254272.000
2013/11/20,14.00,14.20,13.75,13.99,70523848,984763584.000
2013/11/21,13.87,13.96,13.48,13.94,94467419,1289349376.000
:
